1750960621
1750960621
1750977898
1750977955
1750978019
1750978043
1750978058
1750978146
1750978150
1750978172
1750978174
1750978179
1750978235
1750978252
1750978256
1750978288
1750978329
1750978337
1750978376
1750978385
1750978393
1750978448
1750978483
1750978531
1750978562
1750978567
1750978571
1750978595
1750978598
1750978599
1750978602
1750978607
1750978635
1750978637
1750978654
1750978658
1750978672
1750978697
1750978721
1750978734
1750978767
1750978781
1750978805
1750978839
1750980696
1750980698
1750980724
1750980732
1750980768
1750980803
1750980809
1750980815
1750980872
1750980893
1750980894
1750980901
1750980907
1750980941
1750980957
1750980967
1750981048
1750981102
1750981127
1750981138
1750981153
1750981154
1750981160
1750981185
1750981232
1750981274
1750981286
1750981324
1750981408
1750981444
1750981472
1750981493
1750981520
1750981528
1750981629
1750981652
1750977898
1750977955
1750978019
1750978043
1750978058
1750978146
1750978150
1750978172
1750978174
1750978179
1750978235
1750978252
1750978256
1750978288
1750978329
1750978337
1750978376
1750978385
1750978393
1750978448
1750978483
1750978531
1750978562
1750978567
1750978571
1750978595
1750978598
1750978599
1750978602
1750978607
1750978635
1750978637
1750978654
1750978658
1750978672
1750978697
1750978721
1750978734
1750978767
1750978781
1750978805
1750978839
1750980696
1750980698
1750980724
1750980732
1750980768
1750980803
1750980809
1750980815
1750980872
1750980893
1750980894
1750980901
1750980907
1750980941
1750980957
1750980967
1750981048
1750981102
1750981127
1750981138
1750981153
1750981154
1750981160
1750981185
1750981232
1750981274
1750981286
1750981324
1750981408
1750981444
1750981472
1750981493
1750981520
1750981528
1750981629
1750981652
1751046968
1751046973
1751046980
1751046995
1751047050
1751047688
1751047701
1751048140
1751048149
1751048217
1751048417
1751048467
1751049412
1751049414
1751049419
1751049420
1751049425
1751049442
1751049448
1751049452
1751049456
1751049463
1751049475
1751049480
1751049484
1751049501
1751049505
1751049507
1751049654
1751049662
1751049667
1751049673
1751049678
1751049681
1751049731
1751049745
1751049910
1751049922
1751049928
1751049936
1751049938
1751049939
1751049941
1751049947
1751049950
1751049951
1751049955
1751049961
1751050384
1751050385
1751050386
1751050388
1751050405
1751050406
1751050407
1751050427
1751050433
1751050445
1751050447
1751050454
1751050462
1751050648
1751050659
1751050671
1751050674
1751050693
1751050704
1751050712
1751050714
1751050723
1751050726
1751050731
1751050734
1751050739
